DesertTrack105Data_Begin			
	Name	SuperSurvivor	
	GameMode	Survivor	
	TargetTime	80000	
	Fog	TRUE	
	FogColor	[230,235,240]	
	FogRange	[100,1000]	
	Skybox	DesertTwilight	
	PlayerCar	[#car: "Player", #position: vector(-0.115421,21.2874,0.000222588), #orientation: [0.00,0.00,0.00,1.00]]	
	AICar	[#car: "Nissan", #position: vector(-3.80891,29.6297,0.000227237), #orientation: [0.00,0.00,0.00,1.00]]	
	AICar	[#car: "Eclipse", #position: vector(3.48879,33.3335,0.000238213), #orientation: [0.00,0.00,0.00,1.00]]	
	AICar	[#car: "AudiR8", #position: vector(-1.48227,39.8344,0.000239782), #orientation: [0.00,0.00,0.00,1.00]]	
DesertTrack105Data_End			
			
DesertTrack105Build_Begin			
	CreateTile	DesertAssets	[#type: "DesertFRoadVertical1", #aipath: ["DesertFRoadVertical1"], #direction: "SouthNorth", #position: vector(0.0,0.0,0.0)]
	CreateTile	DesertAssets	[#type: "DesertFRoadVertical1", #aipath: ["DesertFRoadVertical1"], #direction: "SouthNorth", #position: vector(0.000250954,250.0,0.00025), #CrateSmall_Object: [[vector (-10.764,326.095,0.000515033), [0.00,0.00,0.00,1.00] ], [vector (7.34244,322.883,0.000529554), [0.00,0.40,0.00,0.92] ], [vector (7.70056,325.328,0.000532371), [0.00,0.40,0.00,0.92] ], [vector (7.31471,325.05,1.28292), [0.00,-0.26,0.00,0.97] ], [vector (9.84347,324.242,0.000533587), [0.00,-0.26,0.00,0.97] ]], #OilDrumExplosive_Object: [[vector (9.54815,322.299,0.000531669), [0.00,0.00,0.00,1.00] ], [vector (-2.14903,340.733,0.000538358), [0.00,0.00,0.00,1.00] ], [vector (-0.227918,340.945,0.000540484), [0.00,0.00,0.00,1.00] ], [vector (1.83955,340.947,0.000542564), [0.00,0.00,0.00,1.00] ], [vector (-2.19158,340.792,1.76176), [0.00,0.00,0.00,1.00] ], [vector (-0.253873,340.93,1.76177), [0.00,0.00,0.00,1.00] ], [vector (1.96135,340.965,1.76177), [0.00,0.00,0.00,1.00] ], [vector (-0.150042,339.164,0.000538791), [0.00,0.00,0.00,1.00] ], [vector (-0.288483,340.965,3.52299), [0.00,0.00,0.00,1.00] ]], #RoadBlock_Object: [[vector (0.0643857,283.539,0.000485281), [0.00,0.00,0.00,1.00] ]], #CrateBig_Object: [[vector (-4.52789,287.254,0.000483024), [0.00,0.00,0.00,1.00] ], [vector (-0.153213,287.19,0.000487294), [0.00,0.00,0.00,1.00] ], [vector (3.77462,287.282,0.00049134), [0.00,0.00,0.00,1.00] ]], #Ramp1_Object: [[vector (6.51843,275.15,0.000487568), [0.00,0.00,0.00,1.00] ], [vector (-7.47561,275.207,0.000473579), [0.00,0.00,0.00,1.00] ]], #Ramp4_Object: [[vector (-0.487564,275.175,0.000483069), [0.00,-0.00,0.00,1.00] ], [vector (-0.578797,286.626,1.86603), [0.00,0.00,0.00,1.00] ]], #Detonator_PickUp: [[vector (-0.175582,296.793,4.7505), [-0.71,0.00,0.00,0.71] ]]]
	CreateTile	DesertAssets	[#type: "DesertFRoadVertical1", #aipath: ["DesertFRoadVertical1"], #direction: "SouthNorth", #position: vector(0.000501907,500.0,0.0005), #CrateSmall_Object: [[vector (-7.39868,513.313,0.000705583), [0.00,0.00,0.00,1.00] ], [vector (-5.25127,513.396,0.000707838), [0.00,0.00,0.00,1.00] ], [vector (-6.24238,514.965,0.000708398), [0.00,0.00,0.00,1.00] ], [vector (4.32949,513.23,0.000717252), [0.00,0.00,0.00,1.00] ], [vector (5.40367,514.882,0.000719962), [0.00,0.00,0.00,1.00] ], [vector (6.72467,513.23,0.000719658), [0.00,0.00,0.00,1.00] ]], #Repair_PickUp: [[vector (-15.9905,441.371,2.17746), [-0.71,0.00,0.00,0.71] ]]]
	CreateTile	DesertAssets	[#type: "DesertFRoadOuterCurve4", #aipath: ["DesertFRoadOuterCurve4"], #direction: "SouthEast", #position: vector(0.000862613,750.0,0.000871107), #OilDrumExplosive_Object: [[vector (123.996,750.141,9.99797), [-0.00,0.00,-0.01,1.00] ], [vector (124.613,751.58,10.0045), [0.00,0.00,-0.01,1.00] ], [vector (124.887,748.731,10.0072), [0.00,0.00,-0.01,1.00] ], [vector (122.231,749.903,9.97873), [0.00,0.00,-0.01,1.00] ]]]
	CreateTile	DesertAssets	[#type: "DesertFRoadInnerCurve2", #aipath: ["DesertFRoadInnerCurve2"], #direction: "WestNorth", #position: vector(250.001,750.0,10.0016), #OilDrumExplosive_Object: [[vector (126.236,751.714,10.001), [0.00,0.00,0.00,1.00] ], [vector (127.834,751.75,10.001), [0.00,0.00,0.00,1.00] ], [vector (129.44,751.892,10.001), [0.00,0.00,0.00,1.00] ], [vector (129.858,750.401,10.001), [0.00,0.00,0.00,1.00] ], [vector (127.87,750.294,10.001), [0.00,0.00,0.00,1.00] ], [vector (126.023,750.187,10.001), [0.00,0.00,0.00,1.00] ], [vector (126.343,748.802,10.001), [0.00,0.00,0.00,1.00] ], [vector (128.445,748.838,10.001), [0.00,0.00,0.00,1.00] ], [vector (129.929,748.98,10.001), [0.00,0.00,0.00,1.00] ], [vector (131.784,750.649,10.001), [0.00,0.00,0.00,1.00] ]]]
	CreateTile	DesertAssets	[#type: "DesertFRoadCurves1", #aipath: ["DesertFRoadCurves1"], #direction: "SouthNorth", #position: vector(250.001,1000.0,10.0017), #LogSmall_Object: [[vector (248.487,892.885,10.0013), [0.00,-0.38,0.00,0.92] ], [vector (247.65,893.053,10.0013), [0.00,-0.38,0.00,0.92] ], [vector (247.9,892.97,11.013), [0.02,-0.38,-0.05,0.92] ], [vector (247.566,890.876,10.0013), [0.00,-0.50,0.00,0.87] ]]]
	CreateTile	DesertAssets	[#type: "DesertFRoadCurves2", #aipath: ["DesertFRoadCurves2"], #direction: "SouthNorth", #position: vector(250.002,1250.0,10.0014), #CrateSmall_Object: [[vector (225.934,1175.16,11.043), [0.03,-0.00,0.01,1.00] ], [vector (228.026,1175.0,10.995), [0.03,-0.00,0.01,1.00] ], [vector (226.769,1172.9,10.9833), [-0.01,-0.38,0.03,0.92] ], [vector (226.854,1176.34,11.115), [0.03,-0.38,0.02,0.92] ]], #OilDrumExplosive_Object: [[vector (236.312,1192.75,12.1194), [0.04,-0.00,0.02,1.00] ], [vector (234.136,1194.33,12.3324), [0.04,-0.00,0.02,1.00] ], [vector (231.877,1196.17,12.5699), [0.04,-0.00,0.02,1.00] ], [vector (230.203,1197.6,12.7461), [0.04,-0.00,0.02,1.00] ]], #LogSmall_Object: [[vector (246.143,1373.45,10.0018), [0.00,-0.35,0.00,0.94] ], [vector (248.29,1374.44,10.0018), [0.00,-0.22,0.00,0.97] ], [vector (248.455,1366.59,10.0025), [-0.00,-0.62,-0.00,0.78] ], [vector (264.065,1369.65,10.0568), [0.00,0.00,-0.02,1.00] ]], #GasTank_Object: [[vector (216.016,1234.82,15.0198), [0.00,-0.23,0.00,0.97] ]], #Detonator_PickUp: [[vector (250.359,1157.95,11.2584), [-0.71,0.00,0.00,0.71] ]]]
	CreateTile	DesertAssets	[#type: "DesertFTransferRoadSand", #aipath: ["DesertFTransferRoadSand"], #direction: "SouthNorth", #position: vector(250.002,1500.0,10.0016), #Pylon_Object: [[vector (253.334,1510.25,10.0008), [0.00,0.00,0.00,1.00] ], [vector (255.002,1510.1,10.0008), [0.00,0.00,0.00,1.00] ], [vector (257.016,1510.22,10.0008), [0.00,0.00,0.00,1.00] ], [vector (245.995,1510.34,10.0008), [0.00,0.00,0.00,1.00] ], [vector (244.351,1510.37,10.0008), [0.00,0.00,0.00,1.00] ], [vector (242.476,1510.51,10.0008), [0.00,0.00,0.00,1.00] ]], #CrateSmall_Object: [[vector (274.838,1500.41,10.0188), [0.00,0.00,-0.00,1.00] ], [vector (272.437,1499.66,10.0257), [0.04,-0.26,0.01,0.97] ], [vector (273.842,1498.54,9.93081), [0.04,0.00,-0.00,1.00] ], [vector (274.405,1499.94,11.3044), [0.00,0.00,-0.00,1.00] ], [vector (270.104,1497.11,9.98868), [0.02,0.01,0.02,1.00] ], [vector (271.772,1499.36,11.3369), [0.04,-0.00,-0.00,1.00] ], [vector (270.763,1499.9,9.98409), [0.00,0.00,0.00,1.00] ]], #OilDrumNormal_Object: [[vector (283.891,1476.46,9.50631), [-0.01,0.00,0.01,1.00] ]], #OilDrumExplosive_Object: [[vector (278.418,1492.76,9.49368), [0.04,-0.00,-0.00,1.00] ], [vector (276.977,1493.29,9.52539), [0.01,-0.38,0.03,0.92] ], [vector (276.238,1490.97,9.47365), [0.01,-0.38,0.03,0.92] ], [vector (246.523,1512.15,10.0019), [0.00,0.00,0.00,1.00] ], [vector (248.455,1512.16,10.0019), [0.00,0.00,0.00,1.00] ], [vector (250.544,1512.35,10.0019), [0.00,0.00,0.00,1.00] ], [vector (252.577,1512.31,10.0019), [0.00,0.00,0.00,1.00] ]], #VendingMachine_Object: [[vector (282.07,1479.32,9.46492), [-0.01,-0.79,-0.01,0.61] ]], #StopSign_Object: [[vector (249.611,1509.74,10.0019), [0.00,0.00,0.00,1.00] ]], #Dumpster_Object: [[vector (268.223,1471.31,9.9215), [-0.01,-0.38,0.00,0.92] ]], #GarbageBag_Object: [[vector (266.005,1474.15,9.95266), [0.00,0.00,0.02,1.00] ], [vector (267.486,1471.66,13.1546), [0.02,0.00,-0.02,1.00] ], [vector (264.695,1472.76,10.0124), [0.00,-0.00,0.02,1.00] ], [vector (263.048,1474.42,10.0875), [0.00,0.00,0.02,1.00] ], [vector (258.406,1479.22,10.054), [0.00,0.00,0.00,1.00] ]], #GasTank_Object: [[vector (271.346,1532.56,8.69722), [0.00,-0.01,0.04,1.00] ]], #Repair_PickUp: [[vector (269.204,1419.1,10.8429), [-0.71,0.00,0.00,0.71] ], [vector (237.171,1615.63,11.2519), [-0.71,0.00,0.00,0.71] ]], #CashSmall_PickUp: [[vector (262.148,1396.79,11.2518), [-0.71,0.00,0.00,0.71] ], [vector (267.442,1407.5,10.9578), [-0.71,0.00,0.00,0.71] ], [vector (265.804,1428.8,11.0646), [-0.71,0.00,0.00,0.71] ], [vector (258.62,1434.63,11.2518), [-0.71,0.00,0.00,0.71] ]]]
	CreateTile	DesertAssets	[#type: "DesertFOffroadVertical2", #aipath: ["DesertFOffroadVertical2"], #direction: "SouthNorth", #position: vector(250.002,1750.0,10.0025), #OilDrumExplosive_Object: [[vector (241.356,1776.68,10.0021), [0.00,0.00,0.00,1.00] ], [vector (243.877,1779.95,10.0021), [0.00,0.00,0.00,1.00] ], [vector (246.523,1783.99,10.0021), [0.00,0.00,0.00,1.00] ], [vector (249.548,1787.52,10.0021), [0.00,0.00,0.00,1.00] ], [vector (252.824,1784.11,10.0021), [0.00,0.00,0.00,1.00] ], [vector (255.47,1780.08,10.0021), [0.00,0.00,0.00,1.00] ], [vector (258.494,1775.67,10.0021), [0.00,0.00,0.00,1.00] ]], #Detonator_PickUp: [[vector (250.052,1717.58,11.2521), [-0.71,0.00,0.00,0.71] ]]]
	CreateTile	DesertAssets	[#type: "DesertFOffroadCurve4", #aipath: ["DesertFOffroadCurve4"], #direction: "SouthEast", #position: vector(250.003,2000.0,10.0027)]
	CreateTile	DesertAssets	[#type: "DesertFOffroadCurves1Horizontal", #aipath: ["DesertFOffroadCurves1Horizontal"], #direction: "WestEast", #position: vector(500.003,2000.0,10.0025), #Pylon_Object: [[vector (571.806,2005.27,13.79), [0.00,0.00,0.03,1.00] ], [vector (572.249,2007.05,13.7715), [0.00,0.00,0.03,1.00] ], [vector (572.794,2008.8,13.7647), [0.01,-0.00,0.03,1.00] ], [vector (571.372,2003.58,13.8086), [0.01,-0.00,0.03,1.00] ], [vector (571.063,2001.66,13.8062), [0.01,-0.00,0.03,1.00] ], [vector (570.93,2000.09,13.7961), [0.00,0.00,0.03,1.00] ], [vector (570.253,1997.78,13.8295), [0.00,0.00,0.03,1.00] ]], #CrateSmall_Object: [[vector (504.995,2059.12,17.1766), [-0.01,0.00,-0.01,1.00] ], [vector (503.404,2058.68,17.166), [-0.01,0.00,-0.01,1.00] ], [vector (504.436,2057.61,17.2079), [-0.01,0.00,-0.01,1.00] ], [vector (504.332,2058.23,18.4988), [-0.01,0.00,-0.01,1.00] ], [vector (501.752,2056.44,17.2301), [-0.01,0.00,-0.00,1.00] ], [vector (501.161,2058.78,17.1301), [-0.01,-0.38,-0.01,0.92] ], [vector (501.782,2056.82,18.5203), [-0.01,0.00,-0.00,1.00] ], [vector (502.498,2054.71,17.2653), [-0.01,0.00,-0.00,1.00] ], [vector (502.159,2058.23,17.1603), [-0.01,0.00,-0.01,1.00] ], [vector (498.798,2055.04,17.2448), [-0.01,0.00,-0.00,1.00] ]], #StopSign_Object: [[vector (569.288,2004.89,13.9734), [-0.02,-0.79,0.02,0.61] ]], #PhoneBooth_Object: [[vector (490.407,2055.53,17.1695), [-0.01,0.00,-0.02,1.00] ]], #AdSign_Object: [[vector (492.495,2051.06,17.3305), [-0.00,0.00,-0.02,1.00] ]]]
	CreateTile	DesertAssets	[#type: "DesertFOffroadCurve2", #aipath: ["DesertFOffroadCurve2"], #direction: "WestNorth", #position: vector(750.003,2000.0,10.0033)]
	CreateTile	DesertAssets	[#type: "DesertFOffroadVertical2", #aipath: ["DesertFOffroadVertical2"], #direction: "SouthNorth", #position: vector(750.003,2250.0,10.0034), #OilDrumExplosive_Object: [[vector (740.367,2222.16,10.0029), [0.00,0.00,0.00,1.00] ], [vector (740.472,2219.42,10.0029), [0.00,0.00,0.00,1.00] ], [vector (740.367,2216.14,10.0029), [0.00,0.00,0.00,1.00] ], [vector (740.367,2212.97,10.0029), [0.00,0.00,0.00,1.00] ], [vector (740.155,2209.69,10.0029), [0.00,0.00,0.00,1.00] ], [vector (748.505,2216.77,10.0029), [0.00,0.00,0.00,1.00] ], [vector (750.83,2216.67,10.003), [0.00,0.00,0.00,1.00] ], [vector (758.861,2222.48,10.003), [0.00,0.00,0.00,1.00] ], [vector (758.861,2219.63,10.003), [0.00,0.00,0.00,1.00] ], [vector (758.756,2216.67,10.003), [0.00,0.00,0.00,1.00] ], [vector (758.967,2213.29,10.003), [0.00,0.00,0.00,1.00] ], [vector (759.391,2210.12,10.003), [0.00,0.00,0.00,1.00] ]], #StopSign_Object: [[vector (750.041,2352.22,10.003), [0.00,0.00,0.00,1.00] ]], #Ramp1_Object: [[vector (744.823,2356.06,10.003), [0.00,0.00,0.00,1.00] ], [vector (755.689,2356.34,10.003), [0.00,0.00,0.00,1.00] ]], #Ramp3_Object: [[vector (743.01,2163.49,10.0029), [0.00,0.00,0.00,1.00] ], [vector (757.382,2163.48,10.0029), [0.00,0.00,0.00,1.00] ]], #Ramp2_Object: [[vector (750.196,2163.48,10.0029), [0.00,0.00,0.00,1.00] ]], #GarbageBag_Object: [[vector (750.29,2356.19,10.0552), [0.00,0.00,0.00,1.00] ]], #Repair_PickUp: [[vector (761.701,2296.82,11.253), [-0.71,0.00,0.00,0.71] ], [vector (736.982,2296.96,11.2324), [-0.71,0.00,0.00,0.71] ]], #Detonator_PickUp: [[vector (750.196,2171.59,13.0029), [-0.71,0.00,0.00,0.71] ]]]
	CreateTile	DesertAssets	[#type: "DesertFOffroadVertical2", #aipath: ["DesertFOffroadVertical2"], #direction: "SouthNorth", #position: vector(750.003,2500.0,10.0035)]
	CreateTile	DesertAssets	[#deco: TRUE, #parent: 1, #type: "DesertFRoadVertical1", #aipath: ["DesertFRoadVertical1"], #direction: "SouthNorth", #position: vector(-0.000250477,-250.0,-0.00025)]
	CreateTile	DesertAssets	[#deco: TRUE, #parent: 14, #type: "DesertFOffroadVertical2", #aipath: ["DesertFOffroadVertical2"], #direction: "SouthNorth", #position: vector(750.004,2750.0,10.0036)]
DesertTrack105Build_End			
